x: 4921.976092825665
y: 206.0
z: 2609.0744427832215
world: world
