x: 362.5009350851074
y: 173.5
z: -189.3928612451608
world: world
